8438 
5481 
2504 
1642 
3274 
2533 
1509 
10656 
4341 
10814 
5924 
2296 
5294 
9159 
8457 
7940 
9079 
8577 
8369 
1927 
4137 
10972 
2436 
3945 
229 
10423 
5586 
560 
7682 
7574 
11453 
553 
11046 
4629 
4152 
2881 
586 
6712 
9507 
3863 
4967 
1510 
11752 
2495 
5001 
7592 
2328 
573 
9193 
1188 
1197 
1207 
11411 
7657 
8398 
7741 
3014 
3808 
5347 
71 
165 
3937 
11110 
1904 
2873 
4825 
2706 
1834 
7208 
12409 
10437 
6228 
9042 
764 
7312 
5844 
3840 
4725 
913 
10352 
7283 
3411 
4541 
6067 
2699 
9111 
4818 
3859 
4755 
11502 
9751 
6770 
6360 
3487 
5767 
1681 
4934 
11225 
11823 
7264 
8924 
5287 
4931 
10622 
5359 
5022 
2616 
3376 
9553 
8520 
9533 
10630 
3748 
12286 
4407 
12114 
9629 
7626 
5005 
4433 
3060 
12174 
2025 
9239 
1019 
6199 
10275 
8053 
11777 
11816 
4044 
1376 
5408 
9315 
9079 
6258 
1528 
5924 
2350 
2576 
7453 
2013 
6907 
2677 
724 
12016 
5092 
4798 
5797 
243 
7566 
711 
5868 
4260 
4947 
3947 
10635 
3120 
1166 
9378 
6989 
783 
10264 
5704 
5209 
7912 
10462 
10252 
9599 
7572 
5935 
7141 
4509 
11910 
10392 
10961 
675 
10169 
4362 
8655 
11596 
9864 
10708 
11325 
4482 
5006 
1622 
9939 
5955 
113 
3217 
6357 
8392 
3263 
8110 
4035 
8137 
4580 
4469 
7586 
4695 
9420 
4282 
9288 
7896 
5169 
8068 
4269 
6695 
4828 
5877 
2568 
4210 
2759 
4200 
4636 
8884 
9511 
1152 
2357 
2604 
12046 
6143 
4753 
11850 
4995 
4451 
1674 
466 
3277 
10861 
5514 
8031 
6732 
5804 
5024 
8215 
6073 
7964 
1656 
7663 
8905 
8814 
9608 
6433 
3982 
11425 
11495 
12266 
5454 
10841 
1322 
11224 
3194 
12173 
4004 
